000002
000009
000010
000011
000012
000013
000014
000016
000017
000018
000019
000020
000022
000026
000027
000029
000030
000035
000036
000039
000040
000041
000042
000043
000044
000045
000050
000052
000053
000054
000055
000059
000060
000061
000064
000066
000067
000069
000070
000075
000077
000078
000079
000080
000081
000084
000085
000089
000091
000092
000093
000098
000099
000100
000102
000105
000107
000108
000109
000111
000113
000114
000117
000122
000123
000129
000130
000134
000139
000142
000146
000147
000148
000149
000152
000156
000158
000159
000160
000161
000164
000168
000169
000171
000173
000178
000179
000180
000182
000186
000188
000189
000190
000191
000192
000194
000199
000201
000202
000203
000204
000205
000207
000208
000209
000210
000212
000213
000215
000216
000224
000228
000229
000230
000231
000232
000235
000236
000240
000245
000248
000251
000252
000253
000254
000257
000258
000259
000261
000262
000264
000267
000269
000272
000274
000275
000278
000279
000280
000282
000283
000284
000287
000290
000291
000292
000295
000297
000299
000304
000312
000313
000316
000317
000324
000326
000327
000328
000329
000330
000331
000332
000334
000335
000337
000341
000342
000343
000349
000351
000352
000355
000356
000357
000360
000362
000365
000368
000369
000370
000374
000376
000381
000382
000383
000384
000389
000390
000392
000395
000396
000398
000399
000400
000402
000403
000404
000405
000406
000408
000413
000414
000418
000422
000423
000424
000425
000433
000437
000439
000441
000443
000446
000448
000450
000452
000453
000456
000458
000459
000461
000462
000465
000466
000467
000468
000469
000472
000473
000474
000475
000476
000477
000480
000481
000482
000486
000491
000492
000493
000494
000499
000505
000507
000508
000509
000515
000517
000518
000520
000521
000528
000529
000530
000532
000535
000539
000540
000542
000543
000546
000547
000549
000550
000551
000552
000553
000555
000557
000561
000562
000564
000566
000567
000568
000569
000570
000571
000573
000574
000575
000576
000578
000579
000580
000581
000582
000583
000586
000587
000588
000589
000591
000593
000594
000595
000597
000598
000599
000600
000601
000602
000604
000606
000607
000608
000610
000612
000613
000614
000622
000626
000627
000628
000630
000634
000636
000639
000641
000643
000645
000651
000657
000658
000660
000661
000665
000666
000668
000671
000673
000674
000675
000676
000677
000678
000681
000682
000683
000684
000685
000686
000687
000691
000694
000695
000696
000697
000698
000700
000704
000707
000708
000709
000714
000715
000716
000720
000721
000727
000728
000732
000734
000736
000737
000739
000740
000741
000742
000743
000746
000747
000748
000752
000753
000756
000759
000760
000762
000764
000766
000767
000769
000772
000773
000774
000776
000779
000780
000782
000785
000786
000787
000789
000790
000791
000792
000793
000795
000797
000798
000800
000801
000804
000805
000806
000808
000811
000813
000816
000817
000819
000820
000821
000822
000823
000826
000827
000834
000836
000838
000839
000840
000841
000843
000844
000849
000850
000852
000854
000856
000860
000861
000862
000866
000867
000868
000872
000873
000874
000875
000876
000877
000879
000880
000881
000882
000883
000885
000887
000888
000891
000897
000900
000901
000902
000906
000908
000918
000920
000924
000927
000930
000935
000937
000938
000939
000940
000941
000942
000944
000945
000947
000948
000951
000952
000954
000955
000957
000958
000960
000963
000964
000970
000971
000972
000975
000979
000982
000984
000986
000987
000988
000991
000992
000994
000997
001000
001001
001002
001005
001007
001008
001009
001010
001011
001012
001017
001018
001021
001022
001023
001025
001026
001027
001029
001031
001033
001035
001036
001037
001038
001039
001041
001042
001043
001045
001053
001054
001055
001056
001057
001060
001061
001064
001065
001066
001067
001069
001070
001073
001076
001078
001083
001084
001085
001086
001087
001090
001092
001094
001098
001100
001101
001105
001106
001108
001114
001115
001116
001118
001122
001123
001124
001128
001129
001130
001132
001134
001137
001139
001140
001142
001143
001145
001146
001147
001149
001150
001155
001156
001158
001160
001161
001162
001164
001165
001167
001171
001173
001176
001185
001186
001187
001188
001189
001190
001191
001192
001194
001199
001200
001201
001205
001207
001209
001212
001214
001216
001219
001220
001221
001222
001225
001226
001227
001228
001229
001230
001232
001234
001236
001244
001245
001246
001248
001249
001251
001252
001255
001256
001260
001261
001263
001266
001268
001269
001270
001272
001274
001275
001276
001280
001281
001285
001290
001291
001292
001294
001295
001297
001298
001299
001302
001306
001307
001308
001311
001313
001318
001320
001321
001322
001323
001324
001326
001327
001328
001334
001337
001339
001340
001342
001344
001346
001353
001356
001360
001361
001363
001364
001368
001370
001375
001376
001377
001378
001379
001382
001383
001386
001389
001396
001397
001403
001404
001405
001406
001409
001410
001411
001416
001419
001420
001421
001422
001423
001427
001429
001431
001432
001436
001437
001438
001439
001440
001441
001443
001448
001449
001452
001454
001455
001457
001458
001459
001466
001468
001471
001473
001475
001476
001477
001478
001480
001481
001482
001483
001490
001493
001494
001495
001499
001500
001503
001504
001506
001507
001509
001514
001519
001521
001523
001524
001525
001526
001529
001530
001535
001537
001539
001542
001543
001544
001545
001547
001548
001549
001550
001555
001557
001558
001559
001560
001561
001562
001566
001569
001574
001576
001577
001578
001580
001582
001586
001588
001589
001591
001592
001595
001597
001598
001601
001603
001607
001609
001610
001611
001612
001616
001622
001627
001630
001631
001635
001636
001637
001638
001640
001641
001643
001645
001646
001647
001649
001650
001651
001657
001661
001662
001665
001666
001672
001675
001676
001677
001678
001680
001682
001685
001686
001687
001688
001689
001690
001691
001692
001694
001698
001699
001700
001701
001702
001705
001707
001708
001711
001712
001713
001714
001720
001722
001726
001729
001732
001733
001734
001736
001741
001743
001744
001746
001747
001748
001750
001752
001753
001760
001762
001763
001767
001770
001771
001772
001775
001776
001777
001782
001783
001787
001788
001789
001791
001793
001796
001797
001800
001801
001804
001806
001807
001809
001810
001811
001813
001815
001816
001817
001818
001822
001824
001826
001828
001829
001830
001831
001832
001833
001837
001838
001842
001844
001846
001847
001850
001851
001852
001853
001855
001860
001861
001863
001868
001869
001872
001873
001874
001875
001877
001880
001881
001886
001887
001888
001892
001893
001897
001899
001900
001908
001912
001913
001915
001916
001918
001919
001921
001922
001923
001925
001927
001929
001930
001932
001937
001939
001942
001943
001945
001947
001951
001953
001956
001957
001958
001960
001962
001964
001966
001967
001972
001973
001974
001976
001977
001981
001985
001990
001992
001998
001999
002000
002001
002004
002007
002008
002011
002015
002016
002019
002020
002024
002026
002029
002031
002033
002037
002038
002041
002042
002043
002046
002050
002054
002058
002059
002061
002062
002063
002065
002067
002070
002072
002075
002078
002079
002081
002082
002086
002088
002089
002090
002091
002092
002094
002097
002099
002104
002106
002110
002111
002112
002113
002115
002116
002118
002119
002122
002124
002125
002126
002128
002129
002130
002131
002133
002134
002137
002139
002140
002141
002142
002149
002155
002156
002160
002163
002165
002166
002170
002173
002174
002176
002177
002178
002179
002180
002181
002182
002185
002188
002189
002192
002193
002195
002197
002200
002201
002202
002204
002206
002207
002211
002212
002213
002214
002215
002216
002219
002220
002222
002223
002228
002230
002231
002233
002235
002236
002237
002239
002240
002242
002245
002246
002247
002248
002249
002251
002252
002253
002254
002256
002257
002262
002263
002265
002266
002269
002270
002271
002272
002273
002274
002276
002278
002280
002281
002282
002283
002284
002286
002289
002291
002293
002295
002299
002302
002309
002310
002311
002314
002323
002324
002326
002335
002336
002337
002341
002343
002344
002345
002346
002349
002350
002351
002352
002353
002354
002356
002358
002359
002361
002363
002365
002367
002368
002369
002371
002372
002374
002377
002379
002382
002384
002386
002387
002390
002391
002394
002396
002397
002398
002399
002400
002401
002403
002406
002407
002409
002411
002412
002415
002416
002418
002421
002422
002423
002424
002426
002427
002428
002430
002431
002436
002437
002439
002440
002443
002445
002447
002448
002449
002451
002452
002453
002454
002456
002459
002460
002461
002462
002465
002466
002471
002474
002475
002476
002478
002480
002483
002485
002487
002491
002494
002496
002500
002501
002502
002507
002509
002515
002516
002517
002518
002519
002520
002521
002522
002523
002524
002527
002528
002530
002534
002540
002541
002542
002544
002546
002548
002550
002551
002555
002556
002557
002560
002561
002563
002567
002568
002570
002573
002574
002576
002586
002587
002588
002589
002590
002591
002598
002600
002603
002606
002607
002608
002609
002612
002615
002616
002621
002624
002625
002626
002627
002628
002633
002641
002643
002644
002646
002649
002650
002651
002655
002656
002658
002663
002665
002666
002667
002669
002670
002674
002678
002688
002689
002690
002691
002692
002697
002698
002701
002702
002703
002704
002705
002706
002708
002714
002715
002722
002724
002725
002729
002730
002731
002733
002734
002737
002741
002742
002743
002744
002745
002748
002749
002750
002754
002756
002757
002759
002760
002761
002762
002766
002768
002769
002772
002773
002774
002775
002777
002778
002779
002781
002783
002784
002787
002789
002790
002793
002794
002795
002798
002802
002805
002806
002811
002814
002815
002818
002822
002823
002827
002830
002831
002832
002833
002836
002837
002842
002843
002844
002846
002855
002862
002865
002866
002868
002870
002873
002874
002879
002880
002881
002882
002883
002887
002888
002890
002891
002892
002893
002894
002895
002898
002900
002901
002902
002906
002909
002911
002912
002913
002916
002918
002920
002921
002923
002926
002927
002929
002932
002933
002935
002936
002939
002940
002943
002946
002948
002952
002954
002955
002956
002959
002962
002963
002970
002973
002976
002979
002982
002984
002988
002989
002992
002993
002994
002995
002996
002998
003002
003003
003004
003006
003007
003008
003009
003014
003017
003023
003024
003026
003027
003029
003030
003034
003035
003036
003037
003038
003039
003040
003042
003043
003044
003046
003047
003049
003050
003051
003052
003056
003057
003058
003059
003065
003067
003068
003073
003074
003075
003077
003081
003083
003085
003087
003088
003090
003091
003096
003097
003098
003099
003100
003101
003103
003106
003109
003111
003113
003118
003120
003121
003122
003123
003126
003127
003128
003130
003131
003132
003134
003136
003138
003139
003141
003142
003147
003148
003149
003151
003155
003157
003161
003166
003167
003169
003171
003172
003174
003177
003178
003179
003182
003185
003191
003201
003202
003209
003210
003213
003215
003216
003217
003218
003219
003220
003221
003224
003227
003228
003229
003232
003234
003235
003237
003238
003242
003243
003244
003246
003248
003251
003253
003254
003255
003256
003257
003258
003259
003261
003265
003266
003267
003268
003270
003271
003273
003274
003275
003280
003283
003284
003287
003288
003290
003292
003300
003304
003309
003314
003316
003318
003320
003322
003325
003326
003327
003328
003329
003331
003333
003337
003338
003339
003344
003346
003349
003352
003353
003354
003355
003358
003363
003364
003366
003367
003368
003369
003370
003371
003372
003374
003378
003381
003384
003387
003389
003392
003393
003396
003397
003399
003400
003402
003404
003406
003409
003410
003411
003413
003414
003415
003418
003420
003423
003424
003426
003427
003429
003430
003431
003432
003435
003438
003439
003440
003441
003443
003444
003445
003450
003451
003453
003454
003456
003457
003459
003462
003463
003466
003468
003470
003473
003474
003475
003476
003477
003481
003483
003484
003485
003487
003489
003490
003494
003496
003497
003500
003501
003503
003505
003507
003510
003515
003516
003517
003519
003523
003524
003525
003527
003531
003533
003534
003539
003540
003544
003545
003547
003549
003558
003559
003560
003562
003563
003565
003566
003568
003569
003571
003572
003573
003574
003575
003577
003578
003580
003581
003583
003585
003586
003587
003588
003590
003592
003594
003596
003597
003599
003600
003601
003605
003613
003616
003617
003618
003622
003624
003625
003626
003628
003630
003631
003635
003638
003639
003640
003641
003643
003645
003649
003650
003651
003652
003653
003656
003657
003659
003660
003661
003666
003668
003670
003671
003672
003674
003675
003678
003679
003681
003685
003690
003693
003694
003695
003698
003699
003700
003703
003706
003707
003710
003714
003715
003716
003717
003719
003721
003723
003724
003725
003726
003727
003729
003733
003735
003736
003740
003742
003745
003747
003748
003749
003750
003752
003754
003759
003762
003765
003766
003768
003769
003770
003774
003777
003782
003784
003786
003787
003788
003789
003790
003791
003792
003793
003796
003801
003802
003803
003804
003805
003810
003812
003813
003818
003820
003821
003822
003826
003831
003832
003833
003834
003837
003841
003844
003845
003846
003847
003848
003851
003854
003857
003858
003859
003860
003861
003866
003867
003870
003872
003873
003874
003875
003877
003878
003879
003880
003881
003884
003887
003889
003892
003893
003895
003896
003898
003899
003900
003903
003906
003909
003910
003911
003912
003913
003917
003918
003921
003922
003924
003926
003929
003930
003931
003932
003933
003934
003935
003937
003939
003940
003942
003943
003944
003945
003948
003950
003951
003952
003954
003955
003957
003958
003959
003961
003963
003964
003965
003966
003967
003968
003969
003970
003971
003973
003980
003982
003984
003986
003987
003992
003993
003996
003997
003998
004000
004002
004003
004004
004006
004008
004010
004012
004013
004015
004016
004021
004023
004024
004025
004026
004029
004031
004035
004037
004039
004040
004044
004045
004046
004047
004052
004057
004061
004066
004067
004069
004073
004074
004077
004078
004079
004080
004084
004085
004086
004088
004090
004093
004095
004097
004104
004105
004106
004107
004108
004113
004114
004115
004116
004118
004120
004122
004124
004126
004127
004129
004130
004131
004137
004138
004139
004143
004148
004149
004151
004152
004154
004157
004159
004160
004161
004163
004166
004168
004170
004171
004172
004173
004176
004177
004178
004180
004181
004182
004183
004184
004185
004189
004190
004191
004193
004198
004202
004206
004208
004209
004210
004215
004217
004218
004219
004221
004222
004223
004224
004226
004228
004233
004234
004235
004237
004239
004242
004244
004245
004246
004249
004250
004251
004255
004258
004259
004260
004261
004262
004263
004267
004268
004269
004270
004274
004277
004284
004285
004286
004288
004291
004296
004298
004299
004302
004306
004309
004310
004312
004313
004314
004318
004319
004323
004327
004328
004329
004331
004332
004334
004337
004339
004341
004344
004345
004346
004347
004348
004354
004355
004359
004360
004362
004363
004365
004366
004369
004370
004371
004372
004373
004374
004375
004377
004378
004384
004385
004386
004387
004388
004389
004391
004392
004395
004398
004399
004401
004402
004404
004406
004407
004410
004413
004415
004416
004417
004418
004420
004421
004422
004424
004425
004426
004428
004429
004432
004435
004439
004440
004441
004443
004444
004446
004447
004449
004452
004453
004455
004457
004459
004460
004463
004465
004468
004469
004471
004472
004473
004474
004477
004479
004482
004483
004485
004487
004488
004489
004490
004491
004493
004495
004506
004507
004508
004510
004513
004514
004515
004517
004519
004521
004526
004528
004530
004533
004535
004536
004540
004541
004545
004547
004548
004552
004554
004559
004562
004564
004565
004571
004574
004575
004576
004578
004583
004584
004585
004586
004587
004588
004591
004593
004596
004598
004604
004612
004614
004616
004617
004618
004620
004621
004622
004623
004627
004628
004630
004631
004632
004634
004637
004639
004640
004641
004642
004644
004650
004651
004652
004654
004655
004656
004658
004659
004661
004664
004665
004668
004672
004675
004676
004677
004679
004680
004681
004685
004690
004691
004701
004703
004705
004706
004707
004711
004712
004713
004715
004716
004717
004720
004721
004723
004724
004725
004726
004728
004732
004734
004741
004742
004743
004747
004748
004749
004750
004753
004756
004757
004758
004759
004760
004763
004764
004767
004768
004770
004772
004773
004776
004777
004778
004780
004781
004782
004783
004786
004788
004789
004791
004795
004799
004800
004801
004803
004804
004805
004806
004807
004808
004809
004811
004816
004818
004821
004824
004826
004827
004828
004829
004830
004840
004843
004844
004845
004846
004847
004849
004851
004853
004858
004859
004863
004864
004868
004872
004873
004875
004876
004878
004879
004880
004883
004887
004888
004889
004891
004892
004894
004895
004896
004902
004903
004904
004906
004911
004916
004918
004919
004920
004922
004925
004926
004929
004930
004932
004936
004937
004942
004943
004944
004945
004946
004948
004949
004950
004952
004953
004955
004957
004960
004962
004963
004966
004967
004968
004969
004973
004980
004981
004983
004985
004987
004989
004991
004992
004993
004994
004996
004997
004998
004999
005004
005005
005006
005007
005009
005010
005011
005012
005013
005015
005016
005020
005021
005025
005026
005027
005028
005030
005031
005034
005035
005036
005040
005041
005042
005043
005044
005047
005048
005049
005051
005052
005054
005060
005063
005066
005075
005077
005079
005080
005083
005085
005087
005089
005090
005094
005095
005096
005098
005099
005100
005104
005106
005107
005109
005111
005112
005115
005116
005132
005134
005135
005138
005139
005140
005141
005143
005144
005146
005148
005149
005150
005153
005156
005157
005158
005160
005161
005162
005163
005165
005170
005172
005173
005174
005175
005178
005181
005185
005186
005188
005190
005192
005193
005194
005197
005199
005200
005203
005204
005205
005206
005209
005210
005212
005214
005216
005218
005219
005220
005223
005224
005226
005227
005228
005230
005231
005235
005238
005240
005241
005242
005246
005247
005248
005251
005252
005253
005254
005256
005261
005262
005264
005265
005266
005272
005273
005274
005275
005276
005277
005278
005279
005280
005281
005282
005283
005285
005288
005290
005291
005293
005294
005297
005301
005304
005305
005308
005310
005311
005312
005315
005318
005319
005321
005322
005324
005329
005330
005332
005333
005334
005336
005339
005340
005341
005343
005348
005351
005353
005356
005360
005361
005363
005368
005369
005371
005372
005374
005377
005380
005381
005382
005383
005385
005387
005388
005390
005393
005400
005401
005402
005403
005406
005407
005408
005410
005415
005416
005420
005421
005422
005423
005425
005427
005429
005431
005434
005435
005441
005442
005444
005445
005446
005449
005454
005459
005460
005462
005465
005467
005472
005474
005475
005478
005480
005485
005486
005488
005490
005496
005498
005499
005500
005503
005505
005506
005509
005510
005514
005515
005517
005519
005521
005526
005527
005528
005529
005534
005539
005540
005541
005542
005543
005544
005545
005548
005549
005553
005554
005555
005556
005558
005559
005561
005562
005563
005564
005569
005570
005571
005577
005580
005581
005583
005588
005590
005592
005593
005594
005595
005596
005597
005600
005601
005604
005606
005609
005613
005619
005622
005630
005633
005634
005636
005637
005638
005641
005643
005644
005646
005647
005651
005657
005658
005659
005661
005664
005665
005666
005667
005668
005669
005670
005673
005674
005676
005677
005678
005680
005682
005687
005688
005689
005692
005693
005695
005696
005697
005698
005699
005702
005706
005708
005709
005710
005712
005713
005714
005717
005720
005722
005723
005724
005725
005726
005728
005729
005731
005732
005735
005736
005738
005741
005744
005745
005747
005748
005751
005753
005757
005759
005760
005762
005763
005765
005767
005768
005771
005772
005773
005775
005776
005778
005780
005782
005783
005784
005786
005787
005788
005789
005790
005791
005793
005796
005797
005798
005800
005803
005806
005807
005808
005810
005811
005813
005815
005816
005817
005821
005822
005824
005825
005826
005829
005831
005834
005835
005838
005839
005844
005846
005847
005848
005849
005850
005851
005852
005854
005856
005857
005860
005862
005864
005865
005866
005869
005871
005872
005875
005877
005878
005880
005883
005884
005885
005887
005889
005891
005892
005893
005894
005896
005901
005902
005903
005905
005910
005915
005916
005918
005919
005922
005924
005926
005927
005928
005929
005930
005931
005933
005935
005938
005939
005944
005947
005953
005954
005955
005957
005963
005966
005967
005968
005969
005972
005975
005977
005978
005980
005981
005984
005986
005988
005990
005991
005993
005995
005997
006001
006003
006008
006010
006011
006012
006014
006016
006018
006022
006023
006026
006028
006029
006030
006032
006034
006035
006036
006038
006039
006040
006041
006042
006044
006047
006049
006050
006051
006052
006056
006059
006060
006063
006064
006065
006066
006067
006071
006073
006076
006078
006079
006085
006089
006090
006092
006093
006094
006099
006100
006101
006108
006111
006112
006113
006114
006115
006118
006121
006122
006124
006125
006128
006131
006132
006133
006137
006142
006144
006145
006146
006147
006150
006152
006153
006157
006160
006161
006165
006167
006168
006169
006170
006171
006172
006174
006175
006177
006178
006181
006182
006183
006187
006190
006196
006197
006199
006201
006202
006205
006206
006207
006209
006213
006218
006222
006223
006226
006228
006229
006231
006232
006239
006241
006243
006246
006247
006251
006257
006258
006261
006266
006267
006268
006269
006270
006272
006275
006276
006280
006284
006285
006291
006293
006296
006298
006300
006301
006302
006306
006307
006308
006310
006311
006312
006313
006314
006315
006317
006318
006319
006320
006321
006329
006330
006333
006335
006338
006339
006342
006344
006345
006346
006347
006349
006350
006355
006359
006362
006363
006364
006365
006366
006368
006376
006378
006380
006382
006386
006388
006389
006393
006394
006395
006396
006400
006401
006405
006408
006413
006414
006416
006420
006422
006423
006426
006429
006430
006431
006436
006437
006438
006439
006444
006448
006449
006451
006452
006454
006456
006457
006459
006460
006462
006463
006464
006465
006466
006467
006470
006471
006473
006475
006476
006479
006480
006482
006483
006486
006488
006490
006492
006495
006497
006498
006499
006502
006504
006505
006508
006509
006510
006511
006512
006516
006517
006518
006524
006525
006527
006529
006530
006532
006533
006535
006539
006540
006541
006543
006548
006549
006550
006551
006552
006554
006555
006557
006559
006561
006562
006563
006564
006565
006566
006567
006568
006573
006575
006580
006584
006585
006586
006591
006595
006598
006599
006600
006601
006602
006604
006610
006611
006612
006614
006617
006618
006619
006620
006621
006623
006627
006628
006630
006631
006635
006636
006637
006638
006640
006641
006643
006645
006646
006650
006651
006653
006654
006656
006657
006659
006660
006661
006662
006663
006666
006668
006670
006671
006674
006676
006681
006682
006683
006685
006687
006689
006690
006693
006694
006695
006696
006697
006705
006706
006707
006708
006709
006711
006712
006714
006715
006716
006718
006721
006722
006724
006725
006728
006729
006731
006732
006734
006737
006738
006739
006740
006743
006744
006745
006746
006747
006749
006751
006754
006757
006761
006762
006763
006764
006766
006767
006768
006773
006775
006777
006778
006782
006783
006791
006792
006794
006795
006797
006798
006799
006800
006801
006803
006806
006808
006810
006811
006812
006818
006819
006821
006823
006824
006825
006827
006833
006835
006836
006837
006838
006841
006842
006843
006844
006846
006847
006848
006850
006851
006855
006859
006860
006861
006863
006864
006865
006867
006868
006870
006872
006874
006875
006876
006877
006879
006881
006882
006883
006884
006886
006887
006888
006889
006890
006893
006894
006896
006897
006899
006900
006903
006904
006906
006910
006911
006912
006915
006920
006921
006925
006928
006929
006931
006937
006940
006944
006945
006947
006949
006950
006951
006952
006954
006955
006956
006957
006958
006960
006961
006962
006963
006967
006969
006975
006977
006979
006980
006983
006986
006987
006989
006991
006993
006995
006997
006998
006999
007002
007003
007005
007008
007009
007011
007012
007013
007014
007016
007019
007020
007023
007024
007027
007028
007029
007033
007034
007035
007036
007037
007038
007040
007041
007044
007045
007046
007047
007050
007054
007055
007057
007058
007061
007065
007066
007067
007070
007071
007072
007077
007078
007081
007082
007083
007086
007087
007088
007089
007090
007092
007093
007094
007095
007100
007101
007103
007104
007107
007109
007113
007115
007117
007118
007119
007121
007123
007128
007130
007132
007134
007136
007139
007140
007141
007143
007145
007147
007149
007155
007156
007157
007161
007162
007165
007166
007167
007169
007170
007172
007173
007175
007176
007179
007180
007181
007183
007184
007186
007188
007190
007191
007192
007193
007194
007197
007198
007200
007201
007203
007207
007208
007209
007211
007212
007214
007217
007219
007222
007223
007224
007231
007232
007233
007234
007235
007238
007240
007245
007246
007247
007249
007250
007253
007254
007256
007258
007259
007264
007265
007266
007268
007270
007271
007272
007273
007275
007276
007277
007279
007280
007281
007285
007286
007287
007288
007293
007294
007297
007299
007301
007302
007303
007307
007308
007310
007316
007319
007320
007322
007324
007325
007326
007328
007329
007330
007331
007333
007335
007336
007342
007343
007344
007347
007348
007351
007355
007358
007359
007361
007362
007364
007366
007369
007370
007371
007373
007377
007379
007381
007383
007384
007387
007388
007390
007392
007393
007394
007395
007396
007397
007398
007400
007402
007403
007404
007405
007410
007413
007415
007419
007426
007427
007428
007429
007434
007435
007437
007439
007441
007442
007445
007446
007447
007448
007449
007450
007452
007454
007455
007459
007460
007461
007462
007463
007464
007467
007468
007469
007472
007473
007474
007475
007476
007480
